Some((
    red: 0.97812206,
    green: 0.9227792,
    blue: 1.0,
    alpha: 1.0,
))