Some((
    red: 0.87058824,
    green: 0.7294118,
    blue: 0.43529412,
))