Some((
    red: 0.21568628,
    green: 0.16470589,
    blue: 0.16862744,
    alpha: 1.0,
))